99.097650
99.138000
99.178500
99.201100
99.249750
99.252050
99.306650
99.307350
99.337400
99.338850
99.356600
99.362350
99.382100
99.386050
99.386450
99.398250
99.402800
99.414800
99.417750
99.423700
99.436150
99.439600
99.450550
99.453550
99.454850
99.460000
99.460700
99.461550
99.463900
99.473050
99.476300
99.477350
99.478900
99.479750
99.488550
99.495100
99.495900
99.496550
99.503450
99.506650
99.507200
99.509400
99.519950
99.521650
99.526050
99.526500
99.528150
99.528350
99.532850
99.536800
99.541600
99.547000
99.548200
99.550400
99.553550
99.554250
99.558550
99.561050
99.562400
99.565300
99.569350
99.571050
99.576750
99.589150
99.593300
99.597100
99.598400
99.603950
99.604200
99.605550
99.605550
99.606200
99.606450
99.608250
99.610600
99.618100
99.618300
99.627050
99.631500
99.631550
99.632900
99.636850
99.639000
99.646700
99.647700
99.648400
99.651850
99.653250
99.653500
99.653700
99.656950
99.658900
99.660100
99.661150
99.661800
99.662800
99.665450
99.666750
99.668200
99.668650
99.669250
99.669650
99.676150
99.677200
99.677400
99.681450
99.682150
99.683300
99.686100
99.691200
99.698250
99.698700
99.699000
99.702000
99.702700
99.702900
99.703000
99.706100
99.707050
99.707750
99.708350
99.708750
99.708850
99.709500
99.709750
99.711150
99.712550
99.714200
99.719450
99.722250
99.724350
99.729650
99.731550
99.732050
99.733850
99.734250
99.737500
99.739250
99.739550
99.739900
99.741450
99.742100
99.744400
99.747850
99.747850
99.748150
99.749300
99.749700
99.752250
99.755200
99.758550
99.759450
99.761600
99.761950
99.762750
99.764750
99.765100
99.765650
99.766550
99.766650
99.771900
99.779200
99.781000
99.783900
99.784400
99.785500
99.785500
99.791700
99.792200
99.801500
99.803750
99.804750
99.805850
99.807050
99.815550
99.816500
99.817400
99.827500
99.830350
99.843800
99.905450
99.920500
99.924350
99.991600
99.995500
99.996300
99.996950
99.998150
99.998350
99.999600
99.601800
99.629350
99.676900
99.720050
99.742300
99.757000
99.774550
99.816900
99.819350
99.821550
99.824150
99.826100
99.835900
99.836050
99.836800
99.841550
99.843300
99.847950
99.854050
99.866950
99.889350
99.891300
99.896250
99.907000
99.996550
99.996550
99.997550
99.997900
99.409200
99.426150
99.551300
99.996450
99.996750
99.998500
99.993050
